
0 0.532139961 0.946026558 0.5 0.5 0 0 1.0 0.0 0.0 0.0 0.0 1.0 0.0 0.0 0.0 0.0 1.0 0.0
0 0.532139961 0.946026558 0.5 0.5 0 0 0.9999164298554373 -0.012928004685808521 0.0 0.0 0.012928004685808521 0.9999164298554373 0.0 0.0 0.0 0.0 1.0 0.0
0 0.532139961 0.946026558 0.5 0.5 0 0 0.9996657333896874 -0.025853848581176044 0.0 0.0 0.025853848581176044 0.9996657333896874 0.0 0.0 0.0 0.0 1.0 0.0
0 0.532139961 0.946026558 0.5 0.5 0 0 0.99924795250423 -0.03877537125681671 0.0 0.0 0.03877537125681671 0.99924795250423 0.0 0.0 0.0 0.0 1.0 0.0
0 0.532139961 0.946026558 0.5 0.5 0 0 0.9986631570270832 -0.051690413005694553 0.0 0.0 0.051690413005694553 0.9986631570270832 0.0 0.0 0.0 0.0 1.0 0.0
0 0.532139961 0.946026558 0.5 0.5 0 0 0.997911444701132 -0.06459681520399763 0.0 0.0 0.06459681520399763 0.997911444701132 0.0 0.0 0.0 0.0 1.0 0.0
0 0.532139961 0.946026558 0.5 0.5 0 0 0.996992941167792 -0.07749242067193093 0.0 0.0 0.07749242067193093 0.996992941167792 0.0 0.0 0.0 0.0 1.0 0.0
0 0.532139961 0.946026558 0.5 0.5 0 0 0.9959077999460093 -0.0903750740342681 0.0 0.0 0.0903750740342681 0.9959077999460093 0.0 0.0 0.0 0.0 1.0 0.0
0 0.532139961 0.946026558 0.5 0.5 0 0 0.9946562024066015 -0.10324262208060146 0.0 0.0 0.10324262208060146 0.9946562024066015 0.0 0.0 0.0 0.0 1.0 0.0
0 0.532139961 0.946026558 0.5 0.5 0 0 0.993238357741943 -0.11609291412523022 0.0 0.0 0.11609291412523022 0.993238357741943 0.0 0.0 0.0 0.0 1.0 0.0
0 0.532139961 0.946026558 0.5 0.5 0 0 0.9916545029310012 -0.12892380236662665 0.0 0.0 0.12892380236662665 0.9916545029310012 0.0 0.0 0.0 0.0 1.0 0.0
0 0.532139961 0.946026558 0.5 0.5 0 0 0.989904902699727 -0.14173314224642042 0.0 0.0 0.14173314224642042 0.989904902699727 0.0 0.0 0.0 0.0 1.0 0.0
0 0.532139961 0.946026558 0.5 0.5 0 0 0.987989849476809 -0.15451879280784048 0.0 0.0 0.15451879280784048 0.987989849476809 0.0 0.0 0.0 0.0 1.0 0.0
0 0.532139961 0.946026558 0.5 0.5 0 0 0.9859096633447965 -0.16727861705355532 0.0 0.0 0.16727861705355532 0.9859096633447965 0.0 0.0 0.0 0.0 1.0 0.0
0 0.532139961 0.946026558 0.5 0.5 0 0 0.9836646919866011 -0.18001048230285133 0.0 0.0 0.18001048230285133 0.9836646919866011 0.0 0.0 0.0 0.0 1.0 0.0
0 0.532139961 0.946026558 0.5 0.5 0 0 0.9812553106273847 -0.19271226054808965 0.0 0.0 0.19271226054808965 0.9812553106273847 0.0 0.0 0.0 0.0 1.0 0.0
0 0.532139961 0.946026558 0.5 0.5 0 0 0.9786819219718442 -0.20538182881038197 0.0 0.0 0.20538182881038197 0.9786819219718442 0.0 0.0 0.0 0.0 1.0 0.0
0 0.532139961 0.946026558 0.5 0.5 0 0 0.9759449561369036 -0.21801706949442584 0.0 0.0 0.21801706949442584 0.9759449561369036 0.0 0.0 0.0 0.0 1.0 0.0
0 0.532139961 0.946026558 0.5 0.5 0 0 0.9730448705798238 -0.23061587074244014 0.0 0.0 0.23061587074244014 0.9730448705798238 0.0 0.0 0.0 0.0 1.0 0.0
0 0.532139961 0.946026558 0.5 0.5 0 0 0.9699821500217435 -0.24317612678714165 0.0 0.0 0.24317612678714165 0.9699821500217435 0.0 0.0 0.0 0.0 1.0 0.0
0 0.532139961 0.946026558 0.5 0.5 0 0 0.966757306366662 -0.25569573830370357 0.0 0.0 0.25569573830370357 0.966757306366662 0.0 0.0 0.0 0.0 1.0 0.0
0 0.532139961 0.946026558 0.5 0.5 0 0 0.9633708786158803 -0.26817261276063736 0.0 0.0 0.26817261276063736 0.9633708786158803 0.0 0.0 0.0 0.0 1.0 0.0
0 0.532139961 0.946026558 0.5 0.5 0 0 0.9598234327779119 -0.2806046647695387 0.0 0.0 0.2806046647695387 0.9598234327779119 0.0 0.0 0.0 0.0 1.0 0.0
0 0.532139961 0.946026558 0.5 0.5 0 0 0.9561155617738797 -0.29298981643364064 0.0 0.0 0.29298981643364064 0.9561155617738797 0.0 0.0 0.0 0.0 1.0 0.0
0 0.532139961 0.946026558 0.5 0.5 0 0 0.9522478853384153 -0.3053259976951131 0.0 0.0 0.3053259976951131 0.9522478853384153 0.0 0.0 0.0 0.0 1.0 0.0
0 0.532139961 0.946026558 0.5 0.5 0 0 0.9482210499160765 -0.3176111466810532 0.0 0.0 0.3176111466810532 0.9482210499160765 0.0 0.0 0.0 0.0 1.0 0.0
0 0.532139961 0.946026558 0.5 0.5 0 0 0.9440357285533 -0.3298432100481077 0.0 0.0 0.3298432100481077 0.9440357285533 0.0 0.0 0.0 0.0 1.0 0.0
0 0.532139961 0.946026558 0.5 0.5 0 0 0.9396926207859084 -0.34202014332566866 0.0 0.0 0.34202014332566866 0.9396926207859084 0.0 0.0 0.0 0.0 1.0 0.0
0 0.532139961 0.946026558 0.5 0.5 0 0 0.9351924525221897 -0.35413991125758754 0.0 0.0 0.35413991125758754 0.9351924525221897 0.0 0.0 0.0 0.0 1.0 0.0
0 0.532139961 0.946026558 0.5 0.5 0 0 0.9305359759215686 -0.36620048814234796 0.0 0.0 0.36620048814234796 0.9305359759215686 0.0 0.0 0.0 0.0 1.0 0.0
0 0.532139961 0.946026558 0.5 0.5 0 0 0.9257239692688904 -0.3781998581716424 0.0 0.0 0.3781998581716424 0.9257239692688904 0.0 0.0 0.0 0.0 1.0 0.0
0 0.532139961 0.946026558 0.5 0.5 0 0 0.9207572368443384 -0.3901360157672949 0.0 0.0 0.3901360157672949 0.9207572368443384 0.0 0.0 0.0 0.0 1.0 0.0
0 0.532139961 0.946026558 0.5 0.5 0 0 0.9156366087890059 -0.40200696591647384 0.0 0.0 0.40200696591647384 0.9156366087890059 0.0 0.0 0.0 0.0 1.0 0.0
0 0.532139961 0.946026558 0.5 0.5 0 0 0.9103629409661467 -0.4138107245051391 0.0 0.0 0.4138107245051391 0.9103629409661467 0.0 0.0 0.0 0.0 1.0 0.0
0 0.532139961 0.946026558 0.5 0.5 0 0 0.9049371148181253 -0.4255453186496674 0.0 0.0 0.4255453186496674 0.9049371148181253 0.0 0.0 0.0 0.0 1.0 0.0
0 0.532139961 0.946026558 0.5 0.5 0 0 0.8993600372190931 -0.4372087870266006 0.0 0.0 0.4372087870266006 0.8993600372190931 0.0 0.0 0.0 0.0 1.0 0.0
0 0.532139961 0.946026558 0.5 0.5 0 0 0.8936326403234123 -0.4487991802004621 0.0 0.0 0.4487991802004621 0.8936326403234123 0.0 0.0 0.0 0.0 1.0 0.0
0 0.532139961 0.946026558 0.5 0.5 0 0 0.887755881409856 -0.4603145609495856 0.0 0.0 0.4603145609495856 0.887755881409856 0.0 0.0 0.0 0.0 1.0 0.0
0 0.532139961 0.946026558 0.5 0.5 0 0 0.881730742721608 -0.4717530045899035 0.0 0.0 0.4717530045899035 0.881730742721608 0.0 0.0 0.0 0.0 1.0 0.0
0 0.532139961 0.946026558 0.5 0.5 0 0 0.8755582313020909 -0.4831125992966384 0.0 0.0 0.4831125992966384 0.8755582313020909 0.0 0.0 0.0 0.0 1.0 0.0
0 0.532139961 0.946026558 0.5 0.5 0 0 0.8692393788266478 -0.4943914464238468 0.0 0.0 0.4943914464238468 0.8692393788266478 0.0 0.0 0.0 0.0 1.0 0.0
0 0.532139961 0.946026558 0.5 0.5 0 0 0.8627752414301085 -0.5055876608217589 0.0 0.0 0.5055876608217589 0.8627752414301085 0.0 0.0 0.0 0.0 1.0 0.0
0 0.532139961 0.946026558 0.5 0.5 0 0 0.8561668995302665 -0.5166993711518628 0.0 0.0 0.5166993711518628 0.8561668995302665 0.0 0.0 0.0 0.0 1.0 0.0
0 0.532139961 0.946026558 0.5 0.5 0 0 0.8494154576472973 -0.5277247201996818 0.0 0.0 0.5277247201996818 0.8494154576472973 0.0 0.0 0.0 0.0 1.0 0.0
0 0.532139961 0.946026558 0.5 0.5 0 0 0.8425220442191496 -0.5386618651851877 0.0 0.0 0.5386618651851877 0.8425220442191496 0.0 0.0 0.0 0.0 1.0 0.0
0 0.532139961 0.946026558 0.5 0.5 0 0 0.8354878114129365 -0.549508978070806 0.0 0.0 0.549508978070806 0.8354878114129365 0.0 0.0 0.0 0.0 1.0 0.0
0 0.532139961 0.946026558 0.5 0.5 0 0 0.828313934932363 -0.5602642458669524 0.0 0.0 0.5602642458669524 0.828313934932363 0.0 0.0 0.0 0.0 1.0 0.0
0 0.532139961 0.946026558 0.5 0.5 0 0 0.8210016138212185 -0.5709258709350582 0.0 0.0 0.5709258709350582 0.8210016138212185 0.0 0.0 0.0 0.0 1.0 0.0
0 0.532139961 0.946026558 0.5 0.5 0 0 0.8135520702629676 -0.5814920712880266 0.0 0.0 0.5814920712880266 0.8135520702629676 0.0 0.0 0.0 0.0 1.0 0.0
0 0.532139961 0.946026558 0.5 0.5 0 0 0.8059665493764744 -0.5919610808880759 0.0 0.0 0.5919610808880759 0.8059665493764744 0.0 0.0 0.0 0.0 1.0 0.0
0 0.532139961 0.946026558 0.5 0.5 0 0 0.798246319007893 -0.6023311499419145 0.0 0.0 0.6023311499419145 0.798246319007893 0.0 0.0 0.0 0.0 1.0 0.0
0 0.532139961 0.946026558 0.5 0.5 0 0 0.7903926695187593 -0.6126005451932028 0.0 0.0 0.6126005451932028 0.7903926695187593 0.0 0.0 0.0 0.0 1.0 0.0
0 0.532139961 0.946026558 0.5 0.5 0 0 0.7824069135703198 -0.622767550212249 0.0 0.0 0.622767550212249 0.7824069135703198 0.0 0.0 0.0 0.0 1.0 0.0
0 0.532139961 0.946026558 0.5 0.5 0 0 0.7742903859041323 -0.632830465682895 0.0 0.0 0.632830465682895 0.7742903859041323 0.0 0.0 0.0 0.0 1.0 0.0
0 0.532139961 0.946026558 0.5 0.5 0 0 0.7660444431189781 -0.6427876096865393 0.0 0.0 0.6427876096865393 0.7660444431189781 0.0 0.0 0.0 0.0 1.0 0.0
0 0.532139961 0.946026558 0.5 0.5 0 0 0.7576704634441179 -0.6526373179832544 0.0 0.0 0.6526373179832544 0.7576704634441179 0.0 0.0 0.0 0.0 1.0 0.0
0 0.532139961 0.946026558 0.5 0.5 0 0 0.749169846508936 -0.6623779442899478 0.0 0.0 0.6623779442899478 0.749169846508936 0.0 0.0 0.0 0.0 1.0 0.0
0 0.532139961 0.946026558 0.5 0.5 0 0 0.7405440131090046 -0.6720078605555224 0.0 0.0 0.6720078605555224 0.7405440131090046 0.0 0.0 0.0 0.0 1.0 0.0
0 0.532139961 0.946026558 0.5 0.5 0 0 0.7317944049686121 -0.6815254572329892 0.0 0.0 0.6815254572329892 0.7317944049686121 0.0 0.0 0.0 0.0 1.0 0.0
0 0.532139961 0.946026558 0.5 0.5 0 0 0.7229224844997929 -0.6909291435484877 0.0 0.0 0.6909291435484877 0.7229224844997929 0.0 0.0 0.0 0.0 1.0 0.0
0 0.532139961 0.946026558 0.5 0.5 0 0 0.7139297345578991 -0.7002173477671684 0.0 0.0 0.7002173477671684 0.7139297345578991 0.0 0.0 0.0 0.0 1.0 0.0
0 0.532139961 0.946026558 0.5 0.5 0 0 0.7048176581937561 -0.7093885174558928 0.0 0.0 0.7093885174558928 0.7048176581937561 0.0 0.0 0.0 0.0 1.0 0.0
0 0.532139961 0.946026558 0.5 0.5 0 0 0.695587778402442 -0.7184411197427074 0.0 0.0 0.7184411197427074 0.695587778402442 0.0 0.0 0.0 0.0 1.0 0.0
0 0.532139961 0.946026558 0.5 0.5 0 0 0.6862416378687336 -0.7273736415730486 0.0 0.0 0.7273736415730486 0.6862416378687336 0.0 0.0 0.0 0.0 1.0 0.0
0 0.532139961 0.946026558 0.5 0.5 0 0 0.6767807987092621 -0.7361845899626351 0.0 0.0 0.7361845899626351 0.6767807987092621 0.0 0.0 0.0 0.0 1.0 0.0
0 0.532139961 0.946026558 0.5 0.5 0 0 0.6672068422114197 -0.7448724922470058 0.0 0.0 0.7448724922470058 0.6672068422114197 0.0 0.0 0.0 0.0 1.0 0.0
0 0.532139961 0.946026558 0.5 0.5 0 0 0.6575213685690637 -0.7534358963276606 0.0 0.0 0.7534358963276606 0.6575213685690637 0.0 0.0 0.0 0.0 1.0 0.0
0 0.532139961 0.946026558 0.5 0.5 0 0 0.647725996615059 -0.761873370914766 0.0 0.0 0.761873370914766 0.647725996615059 0.0 0.0 0.0 0.0 1.0 0.0
0 0.532139961 0.946026558 0.5 0.5 0 0 0.6378223635507061 -0.7701835057663796 0.0 0.0 0.7701835057663796 0.6378223635507061 0.0 0.0 0.0 0.0 1.0 0.0
0 0.532139961 0.946026558 0.5 0.5 0 0 0.6278121246720987 -0.7783649119241599 0.0 0.0 0.7783649119241599 0.6278121246720987 0.0 0.0 0.0 0.0 1.0 0.0
0 0.532139961 0.946026558 0.5 0.5 0 0 0.6176969530934572 -0.7864162219455162 0.0 0.0 0.7864162219455162 0.6176969530934572 0.0 0.0 0.0 0.0 1.0 0.0
0 0.532139961 0.946026558 0.5 0.5 0 0 0.6074785394674836 -0.7943360901321637 0.0 0.0 0.7943360901321637 0.6074785394674836 0.0 0.0 0.0 0.0 1.0 0.0
0 0.532139961 0.946026558 0.5 0.5 0 0 0.5971585917027863 -0.8021231927550437 0.0 0.0 0.8021231927550437 0.5971585917027863 0.0 0.0 0.0 0.0 1.0 0.0
0 0.532139961 0.946026558 0.5 0.5 0 0 0.5867388346784178 -0.8097762282755726 0.0 0.0 0.8097762282755726 0.5867388346784178 0.0 0.0 0.0 0.0 1.0 0.0
0 0.532139961 0.946026558 0.5 0.5 0 0 0.5762210099555805 -0.8172939175631805 0.0 0.0 0.8172939175631805 0.5762210099555805 0.0 0.0 0.0 0.0 1.0 0.0
0 0.532139961 0.946026558 0.5 0.5 0 0 0.5656068754865388 -0.8246750041091067 0.0 0.0 0.8246750041091067 0.5656068754865388 0.0 0.0 0.0 0.0 1.0 0.0
0 0.532139961 0.946026558 0.5 0.5 0 0 0.554898205320797 -0.8319182542364115 0.0 0.0 0.8319182542364115 0.554898205320797 0.0 0.0 0.0 0.0 1.0 0.0
0 0.532139961 0.946026558 0.5 0.5 0 0 0.5440967893085827 -0.8390224573061746 0.0 0.0 0.8390224573061746 0.5440967893085827 0.0 0.0 0.0 0.0 1.0 0.0
0 0.532139961 0.946026558 0.5 0.5 0 0 0.5332044328016914 -0.845986425919841 0.0 0.0 0.845986425919841 0.5332044328016914 0.0 0.0 0.0 0.0 1.0 0.0
0 0.532139961 0.946026558 0.5 0.5 0 0 0.5222229563517384 -0.852808996117683 0.0 0.0 0.852808996117683 0.5222229563517384 0.0 0.0 0.0 0.0 1.0 0.0
0 0.532139961 0.946026558 0.5 0.5 0 0 0.5111541954058733 -0.8594890275733451 0.0 0.0 0.8594890275733451 0.5111541954058733 0.0 0.0 0.0 0.0 1.0 0.0
